23582,167668
23582,167669
23582,167670
23582,167671
23582,167672
23582,167673
23582,168904
23582,168905
23582,168906
23591,167674
23591,167675
23591,167676
23591,167677
23591,167678
23591,167679
23591,168907
23591,168908
23591,168909
23600,167680
23600,167681
23600,167682
23600,167683
23600,167684
23600,167685
23600,167686
23600,167687
23600,168910
23614,167688
23614,167689
23614,167690
23614,167691
23614,167692
23614,167693
23614,167694
23614,167695
23614,168911
23632,167696
23632,167697
23632,167698
23632,167699
23632,167700
23632,167701
23632,167702
23632,167703
23632,168912
23646,167704
23646,167705
23646,167706
23646,167707
23646,167708
23646,167709
23646,167710
23646,167711
23646,168913
23660,167712
23660,167713
23660,167714
23660,167715
23660,167716
23660,167717
23660,167718
23660,168914
23660,168915
23670,167719
23670,167720
23670,167721
23670,167722
23670,167723
23670,168916
23670,168917
23670,168918
23670,168919
23683,167724
23683,167725
23683,167726
23683,167727
23683,167728
23683,168920
23683,168921
23683,168922
23683,168923
23692,167729
23692,167730
23692,167731
23692,167732
23692,167733
23692,168924
23692,168925
23692,168926
23692,168927
23705,167734
23705,167735
23705,167736
23705,167737
23705,167738
23705,168928
23705,168929
23705,168930
23705,168931
23718,167739
23718,167740
23718,167741
23718,167742
23718,167743
23718,168932
23718,168933
23718,168934
23718,168935
23728,167744
23728,167745
23728,167746
23728,167747
23728,167748
23728,168939
23728,168940
23728,168941
23728,168942
23739,167749
23739,167750
23739,167751
23739,167752
23739,167753
23739,168943
23739,168944
23739,168945
23739,168946
23748,167754
23748,167755
23748,167756
23748,167757
23748,167758
23748,168947
23748,168948
23748,168949
23748,168950
23757,167759
23757,167760
23757,167761
23757,167762
23757,167763
23757,168951
23757,168952
23757,168953
23757,168954
23766,167764
23766,167765
23766,167766
23766,167767
23766,167768
23766,168955
23766,168956
23766,168957
23766,168958
23775,167769
23775,167770
23775,167771
23775,167772
23775,167773
23775,168959
23775,168960
23775,168961
23775,168962
23787,167774
23787,167775
23787,167776
23787,168963
23787,168964
23787,168965
23787,168966
23787,168967
23787,168968
23794,167777
23794,167778
23794,167779
23794,168969
23794,168970
23794,168971
23794,168972
23794,168973
23794,168974
23801,167780
23801,167782
23801,167783
23801,167784
23801,168975
23801,168976
23801,168977
23801,168978
23801,168979
23808,167785
23808,167787
23808,167788
23808,167789
23808,168980
23808,168981
23808,168982
23808,168983
23808,168984
23815,167790
23815,167792
23815,167793
23815,167794
23815,168985
23815,168986
23815,168987
23815,168988
23815,168989
23822,167795
23822,167797
23822,167798
23822,167799
23822,168990
23822,168991
23822,168992
23822,168993
23822,168994
23829,167800
23829,167802
23829,167803
23829,167804
23829,168995
23829,168996
23829,168997
23829,168998
23829,168999
23836,167805
23836,167806
23836,167807
23836,167808
23836,169000
23836,169001
23836,169002
23836,169003
23836,169004
23836,169005
23843,167809
23843,167810
23843,167811
23843,167812
23843,169006
23843,169007
23843,169008
23843,169009
23843,169010
23843,169011
23850,167813
23850,167814
23850,167815
23850,167816
23850,169012
23850,169013
23850,169014
23850,169015
23850,169016
23850,169017
23857,167817
23857,167818
23857,167819
23857,167820
23857,169018
23857,169019
23857,169020
23857,169021
23857,169022
23857,169023
23864,167821
23864,167822
23864,167823
23864,167824
23864,169024
23864,169025
23864,169026
23864,169027
23864,169028
23864,169029
23871,167825
23871,167826
23871,167827
23871,167828
23871,169030
23871,169031
23871,169032
23871,169033
23871,169034
23871,169035
23878,167829
23878,167830
23878,167831
23878,167832
23878,169036
23878,169037
23878,169038
23878,169039
23878,169040
23878,169041
23885,167833
23885,167834
23885,167835
23885,167836
23885,169042
23885,169043
23885,169044
23885,169045
23885,169046
23885,169047
23892,167837
23892,167838
23892,167839
23892,167840
23892,169048
23892,169049
23892,169050
23892,169051
23892,169052
23892,169053
23899,167841
23899,167842
23899,167843
23899,167844
23899,169054
23899,169055
23899,169056
23899,169057
23899,169058
23899,169059
23906,167845
23906,167846
23906,167847
23906,167848
23906,169060
23906,169061
23906,169062
23906,169063
23906,169064
23906,169065
23913,167849
23913,167850
23913,167851
23913,167852
23913,169066
23913,169067
23913,169068
23913,169069
23913,169070
23913,169071
23920,167853
23920,167854
23920,167855
23920,167856
23920,169072
23920,169073
23920,169074
23920,169075
23920,169076
23920,169077
23927,167857
23927,167858
23927,167859
23927,167860
23927,169078
23927,169079
23927,169080
23927,169081
23927,169082
23927,169083
23934,167861
23934,167862
23934,167863
23934,167864
23934,169084
23934,169085
23934,169086
23934,169087
23934,169088
23934,169089
23941,167865
23941,167866
23941,167867
23941,167868
23941,169090
23941,169091
23941,169092
23941,169093
23941,169094
23941,169095
23948,167869
23948,167870
23948,167871
23948,167872
23948,169096
23948,169097
23948,169098
23948,169099
23948,169100
23948,169101
23955,167873
23955,167874
23955,167875
23955,167876
23955,169102
23955,169103
23955,169104
23955,169105
23955,169106
23955,169107
23962,167877
23962,168762
23962,168763
23962,168764
23962,169108
23962,169109
23962,169110
23962,169111
23962,169112
23962,169113
23969,167881
23969,167882
23969,167883
23969,167884
23969,169114
23969,169115
23969,169116
23969,169117
23969,169118
23969,169119
23976,167885
23976,167886
23976,167887
23976,167888
23976,169120
23976,169121
23976,169122
23976,169123
23976,169124
23976,169125
23983,167889
23983,167890
23983,167891
23983,167892
23983,169126
23983,169127
23983,169128
23983,169129
23983,169130
23983,169131
23990,167893
23990,167894
23990,167895
23990,167896
23990,169132
23990,169133
23990,169134
23990,169135
23990,169136
23990,169137
23997,167897
23997,167898
23997,167899
23997,167900
23997,169138
23997,169139
23997,169140
23997,169141
23997,169142
23997,169143
24004,167901
24004,167902
24004,167903
24004,167904
24004,169144
24004,169145
24004,169146
24004,169147
24004,169148
24004,169149
24011,167905
24011,167906
24011,167907
24011,167908
24011,169150
24011,169151
24011,169152
24011,169153
24011,169154
24011,169155
24018,167909
24018,167910
24018,167911
24018,167912
24018,169156
24018,169157
24018,169158
24018,169159
24018,169160
24018,169161
24025,167913
24025,167914
24025,167915
24025,167916
24025,169162
24025,169163
24025,169164
24025,169165
24025,169166
24025,169167
24032,167917
24032,167918
24032,167919
24032,167920
24032,169168
24032,169169
24032,169170
24032,169171
24032,169172
24032,169173
24039,167921
24039,167922
24039,167923
24039,167924
24039,169174
24039,169175
24039,169176
24039,169177
24039,169178
24039,169179
24046,167925
24046,167926
24046,167927
24046,169180
24046,169181
24046,169182
24046,169183
24046,169184
24046,169185
24053,167928
24053,167929
24053,167930
24053,169186
24053,169187
24053,169188
24053,169189
24053,169190
24053,169191
24060,167931
24060,167932
24060,167933
24060,169192
24060,169193
24060,169194
24060,169195
24060,169196
24060,169197
24067,167934
24067,167935
24067,167936
24067,169198
24067,169199
24067,169200
24067,169201
24067,169202
24067,169203
24074,167937
24074,167938
24074,167939
24074,169204
24074,169205
24074,169206
24074,169207
24074,169208
24074,169209
24081,167940
24081,167941
24081,167942
24081,169210
24081,169211
24081,169212
24081,169213
24081,169214
24081,169215
24088,167943
24088,167944
24088,167945
24088,169216
24088,169217
24088,169218
24088,169219
24088,169220
24088,169221
24095,167946
24095,167947
24095,167948
24095,169222
24095,169223
24095,169224
24095,169225
24095,169226
24095,169227
24102,167949
24102,167951
24102,167952
24102,167953
24102,169228
24102,169229
24102,169230
24102,169231
24102,169232
24109,167954
24109,167956
24109,167957
24109,167958
24109,169233
24109,169234
24109,169235
24109,169236
24109,169237
24116,167959
24116,167960
24116,167961
24116,167962
24116,169238
24116,169239
24116,169240
24116,169241
24116,169242
24116,169243
24123,167963
24123,167964
24123,167965
24123,167966
24123,169244
24123,169245
24123,169246
24123,169247
24123,169248
24123,169249
24158,167967
24158,167968
24158,167969
24158,167970
24158,168855
24172,167971
24172,167972
24172,167973
24172,167974
24172,167975
24172,167976
24172,167977
24172,169250
24183,167978
24183,167979
24183,167980
24183,167981
24183,169251
24193,167982
24193,167983
24193,167984
24193,167985
24193,169252
24203,167986
24203,167987
24203,167988
24203,167989
24203,167990
24203,167991
24203,167992
24203,169253
24214,167993
24214,167994
24214,167995
24214,167996
24214,169254
24224,167997
24224,167998
24224,167999
24224,168000
24224,168001
24224,168002
24224,168003
24224,169255
24238,168004
24238,168005
24238,168006
24238,168007
24238,168008
24238,168009
24238,168010
24238,169256
24252,168011
24252,168012
24252,168013
24252,168014
24252,169257
24265,168015
24265,168016
24265,168017
24265,168018
24265,169258
24275,168019
24275,168020
24275,168021
24275,169259
24275,169260
24275,169261
24282,168022
24282,168023
24282,168024
24282,169262
24282,169263
24282,169264
24288,168025
24288,168026
24288,168027
24288,169265
24288,169266
24288,169267
24294,168028
24294,168029
24294,168030
24294,169268
24294,169269
24294,169270
24300,168031
24300,168032
24300,168033
24300,168899
24300,168900
24300,168901
24306,168034
24306,168035
24306,168036
24306,169271
24306,169272
24306,169273
24312,168037
24312,168038
24312,168039
24312,169274
24312,169275
24312,169276
24317,168040
24317,168041
24317,168042
24317,168043
24317,168044
24317,168045
24317,168046
24317,168047
24317,169277
24324,168048
24324,168049
24324,168050
24324,168051
24324,168052
24324,168053
24324,168054
24324,168055
24324,169278
24329,168056
24329,168057
24329,168058
24329,168059
24329,168060
24329,168061
24329,168062
24334,168063
24334,168064
24334,168065
24334,168066
24334,168067
24334,168068
24334,168069
24334,168070
24334,169279
24339,168071
24339,168072
24339,168073
24339,168074
24339,168075
24339,168076
24339,168077
24339,168078
24339,169280
24344,168079
24344,168080
24344,168081
24344,168082
24344,168083
24344,168084
24344,168085
24344,168086
24344,168087
24344,168088
24344,169281
24349,168089
24349,168090
24349,168091
24349,168092
24349,168093
24349,168094
24349,168095
24349,168096
24349,168097
24354,168098
24354,168099
24354,168100
24354,168101
24354,168102
24354,168103
24354,168836
24354,169282
24359,168104
24359,168105
24359,168106
24359,168107
24359,168108
24359,168109
24359,169283
24364,168110
24364,168111
24364,168112
24364,168113
24364,168114
24364,168115
24364,169284
24369,168116
24369,168117
24369,169285
24369,169286
24369,169287
24369,169288
24369,169289
24374,168118
24374,169290
24379,168119
24379,169291
24384,168120
24384,168121
24384,169292
24393,168122
24393,168858
24740,168123
24740,169293
24755,168124
25042,168125
25042,168126
25042,168128
25042,168129
25042,168130
25042,169294
25042,169295
25042,169296
25042,169297
25048,168131
25048,168132
25048,168134
25048,168135
25048,168136
25048,169298
25048,169299
25048,169300
25048,169301
25075,168137
25075,168139
25075,168140
25075,168141
25075,169302
25075,169303
25075,169304
25075,169305
25075,169306
25083,168142
25083,168144
25083,168145
25083,168146
25083,169307
25083,169308
25083,169309
25083,169310
25083,169311
25099,168152
25099,168154
25099,168155
25099,168156
25099,169317
25099,169318
25099,169319
25099,169320
25099,169321
25107,168157
25107,168159
25107,168160
25107,168161
25107,169322
25107,169323
25107,169324
25107,169325
25107,169326
25115,168162
25115,168755
25115,168756
25115,168757
25115,168758
25115,168759
25115,168760
25115,169327
25115,169328
25123,168170
25123,168171
25123,168172
25123,168173
25123,168175
25123,168176
25123,168177
25123,169329
25123,169330
25131,168178
25131,168179
25131,168180
25131,168181
25131,168183
25131,168184
25131,168185
25131,169331
25131,169332
25161,168191
25161,168192
25161,168193
25161,168194
25161,168196
25161,168197
25161,168198
25161,169338
25161,169339
25176,168199
25176,168200
25176,168201
25176,168202
25176,168204
25176,168205
25176,168206
25176,169340
25176,169341
25205,168207
25205,168208
25205,168209
25205,168210
25205,168212
25205,168213
25205,168214
25205,169342
25205,169343
25220,168215
25220,168216
25220,168217
25220,168218
25220,168220
25220,168221
25220,168222
25220,169344
25220,169345
25242,168223
25242,168224
25242,168225
25242,168226
25242,168228
25242,168229
25242,168230
25242,169346
25242,169347
25250,168231
25250,168232
25250,168233
25250,168234
25250,168236
25250,168237
25250,168238
25250,169348
25250,169349
25258,168239
25258,168240
25258,168241
25258,168242
25258,168244
25258,168245
25258,168246
25258,169350
25258,169351
25266,168247
25266,168248
25266,168249
25266,168250
25266,168252
25266,168253
25266,168254
25266,169352
25266,169353
25274,168255
25274,168256
25274,168257
25274,168258
25274,168260
25274,168261
25274,168262
25274,169354
25274,169355
25283,168263
25283,168264
25283,168265
25283,168266
25283,168268
25283,168269
25283,168270
25283,169356
25283,169357
25523,168147
25523,168149
25523,168150
25523,168151
25523,169312
25523,169313
25523,169314
25523,169315
25523,169316
25531,168186
25531,168188
25531,168189
25531,168190
25531,169333
25531,169334
25531,169335
25531,169336
25531,169337
25539,168271
25539,168273
25539,168274
25539,168275
25539,169358
25539,169359
25539,169360
25539,169361
25539,169362
25547,168276
25547,168278
25547,168279
25547,168280
25547,169363
25547,169364
25547,169365
25547,169366
25547,169367
25557,168281
25557,168283
25557,168284
25557,168285
25557,169368
25557,169369
25557,169370
25557,169371
25557,169372
25565,168286
25565,168288
25565,168289
25565,168290
25565,169373
25565,169374
25565,169375
25565,169376
25565,169377
25573,168291
25573,168293
25573,168294
25573,168295
25573,169378
25573,169379
25573,169380
25573,169381
25573,169382
25581,168296
25581,168298
25581,168299
25581,168300
25581,169383
25581,169384
25581,169385
25581,169386
25581,169387
25596,168301
25596,168303
25596,168304
25596,168305
25596,169388
25596,169389
25596,169390
25596,169391
25596,169392
25604,168334
25604,168336
25604,168337
25604,168338
25604,169414
25604,169415
25604,169416
25604,169417
25604,169418
25612,168339
25612,168341
25612,168342
25612,168343
25612,169419
25612,169420
25612,169421
25612,169422
25612,169423
25620,168344
25620,168346
25620,168347
25620,168348
25620,169424
25620,169425
25620,169426
25620,169427
25620,169428
25628,168349
25628,168351
25628,168352
25628,168353
25628,169429
25628,169430
25628,169431
25628,169432
25628,169433
26218,168354
26218,168355
26218,169434
26218,169435
26218,169436
26218,169437
26218,169438
26218,169439
26218,169440
26227,168356
26227,168357
26227,169441
26227,169442
26227,169443
26227,169444
26227,169445
26227,169446
26227,169447
26236,168358
26236,168359
26236,169448
26236,169449
26236,169450
26236,169451
26236,169452
26236,169453
26236,169454
26245,168360
26245,168361
26245,169455
26245,169456
26245,169457
26245,169458
26245,169459
26245,169460
26245,169461
26254,168362
26254,168363
26254,169462
26254,169463
26254,169464
26254,169465
26254,169466
26254,169467
26254,169468
26263,168364
26263,168365
26263,169469
26263,169470
26263,169471
26263,169472
26263,169473
26263,169474
26263,169475
26272,168366
26272,168367
26272,169476
26272,169477
26272,169478
26272,169479
26272,169480
26272,169481
26272,169482
26281,168368
26281,168369
26281,169483
26281,169484
26281,169485
26281,169486
26281,169487
26281,169488
26281,169489
26295,168370
26295,168371
26295,169490
26295,169491
26295,169492
26295,169493
26295,169494
26295,169495
26295,169496
26304,168372
26304,168373
26304,169497
26304,169498
26304,169499
26304,169500
26304,169501
26304,169502
26304,169503
26313,168374
26313,168375
26313,169504
26313,169505
26313,169506
26313,169507
26313,169508
26313,169509
26313,169510
26322,168376
26322,168377
26322,169511
26322,169512
26322,169513
26322,169514
26322,169515
26322,169516
26322,169517
26331,168378
26331,168379
26331,169518
26331,169519
26331,169520
26331,169521
26331,169522
26331,169523
26331,169524
26340,168380
26340,168381
26340,169525
26340,169526
26340,169527
26340,169528
26340,169529
26340,169530
26340,169531
26349,168382
26349,168383
26349,169532
26349,169533
26349,169534
26349,169535
26349,169536
26349,169537
26349,169538
26358,168384
26358,168385
26358,169539
26358,169540
26358,169541
26358,169542
26358,169543
26358,169544
26358,169545
26367,168386
26367,168387
26367,169546
26367,169547
26367,169548
26367,169549
26367,169550
26367,169551
26367,169552
26385,168388
26385,168390
26385,168391
26385,168392
26385,169553
26385,169554
26385,169555
26385,169556
26385,169557
26400,168393
26400,168394
26400,169558
26400,169559
26400,169560
26400,169561
26400,169562
26400,169563
26400,169564
26407,168395
26407,169565
26407,169566
26407,169567
26407,169568
26407,169569
26407,169570
26407,169571
26413,168396
26413,168397
26413,169572
26413,169573
26413,169574
26413,169575
26413,169576
26413,169577
26413,169578
26419,168398
26419,168399
26419,169579
26419,169580
26419,169581
26419,169582
26419,169583
26419,169584
26419,169585
26425,168400
26425,168401
26425,169586
26425,169587
26425,169588
26425,169589
26425,169590
26425,169591
26425,169592
26431,168402
26431,168403
26431,169593
26431,169594
26431,169595
26431,169596
26431,169597
26431,169598
26431,169599
26437,168404
26437,168761
26437,169600
26437,169601
26437,169602
26437,169603
26437,169604
26437,169605
26437,169606
26443,168406
26443,168407
26443,169607
26443,169608
26443,169609
26443,169610
26443,169611
26443,169612
26443,169613
26449,168408
26449,168409
26449,169614
26449,169615
26449,169616
26449,169617
26449,169618
26449,169619
26449,169620
26455,168410
26455,168411
26455,169621
26455,169622
26455,169623
26455,169624
26455,169625
26455,169626
26455,169627
26461,168412
26461,168413
26461,169628
26461,169629
26461,169630
26461,169631
26461,169632
26461,169633
26461,169634
26467,168414
26467,168415
26467,169635
26467,169636
26467,169637
26467,169638
26467,169639
26467,169640
26467,169641
26473,168416
26473,168417
26473,168418
26473,169642
26473,169643
26473,169644
26473,169645
26473,169646
26473,169647
26481,168419
26481,168420
26481,168421
26481,169648
26481,169649
26481,169650
26481,169651
26481,169652
26481,169653
26489,168422
26489,168423
26489,168424
26489,169654
26489,169655
26489,169656
26489,169657
26489,169658
26489,169659
26497,168425
26497,168426
26497,168427
26497,169660
26497,169661
26497,169662
26497,169663
26497,169664
26497,169665
26513,168428
26513,168429
26513,168430
26513,169666
26513,169667
26513,169668
26513,169669
26513,169670
26513,169671
26521,168431
26521,168432
26521,168433
26521,169672
26521,169673
26521,169674
26521,169675
26521,169676
26521,169677
26529,168434
26529,168435
26529,168436
26529,169678
26529,169679
26529,169680
26529,169681
26529,169682
26529,169683
26537,168437
26537,168438
26537,168439
26537,169684
26537,169685
26537,169686
26537,169687
26537,169688
26537,169689
26922,168306
26922,169393
26922,169394
26922,169395
26922,169396
26922,169397
26922,169398
26922,169399
26922,169400
27763,168307
27763,168308
27763,169401
27763,169402
27763,169403
27763,169404
27763,169405
27768,168309
27768,168310
27768,169406
27768,169407
27768,169408
27768,169409
27768,169410
27776,168311
27776,168312
27776,168313
27776,168314
27776,168315
27776,169411
27786,168316
27786,168317
27786,168318
27786,168319
27786,168320
27786,169412
27796,168321
27796,168322
27796,168323
27796,169413
28405,168856
28405,168857
29732,168440
29732,168441
29732,168442
29732,168443
29732,168445
29732,168446
29732,168447
29732,169690
29732,169691
29736,169692
29740,168449
29740,168450
29740,168451
29740,168452
29740,168453
29740,168454
29740,168455
29740,168456
29740,168457
29744,168459
29744,168460
29744,168461
29744,168462
29744,168463
29744,168464
29744,168465
29748,168468
29748,168469
29748,168470
29748,168471
29748,168472
29748,168473
29752,168474
29752,168475
29752,168478
29752,168481
29752,168482
29752,168936
31290,168863
31290,168864
31330,168859
31330,168860
31330,168861
31330,168862
31341,168937
31341,168938
31949,168896
31949,168898
32016,168837
32016,168838
32016,168839
32016,168840
